1000
DU6026ayo8 91 53 37 95 81 14 29 38 57 64 
3a_Qc0949WK1_ 35 21 61 37 85 62 63 21 34 41 
Ab33G 94 1 61 69 11 83 45 22 67 85 
kUEP4 90 17 73 1 85 65 19 56 47 21 
gKu070 99 31 77 45 21 7 53 43 53 41 
3qYmKr3qay0Uw76__Q_2O8a 41 9 9 17 64 21 1 1 81 73 
s 11 93 31 65 61 55 39 69 95 66 
3o1__oA408faG68O23C1v430 1 97 24 35 1 41 21 10 16 58 
11a000X7a8c811Sw 68 85 71 89 32 71 61 29 67 37 
6XC03435c263Y0Y6CHAi98907 96 35 12 41 26 59 11 73 81 35 
I70i2956XGG576Y7688osGS1 21 74 88 21 45 89 22 6 4 45 
1x6 37 51 61 53 5 95 11 81 89 26 
CV2 85 60 73 59 17 97 89 33 11 69 
v 11 68 64 32 41 41 91 69 62 93 
558E5226960mWI62a_5El4908 45 17 91 71 92 49 41 51 21 71 
_ 76 49 13 93 59 25 62 14 45 85 
258iGGm630 81 1 92 97 51 1 51 1 11 55 
440a10Y8AYr5g6 69 89 9 61 88 85 1 80 60 43 
60403WIea7AE 57 45 13 41 82 51 46 11 56 35 
_9o60y124901cmS979U 89 37 39 29 82 17 17 1 21 80 
k7ooITw9 93 40 94 86 77 91 95 13 21 16 
6o15o19629 74 95 31 71 67 9 81 89 44 79 
y89u0QIDI0 76 67 16 13 53 51 83 49 71 90 
0X0y4eYglRUue7 9 81 9 15 65 49 81 29 38 82 
20AeJM94o0i43myGI43665Q1Y 51 21 26 39 41 37 7 28 41 41 
0AqW_8819ZT921534Q83 55 39 12 37 87 69 41 61 17 56 
u0W0891Uz4n9x0Qa 53 34 53 73 53 17 22 98 77 21 
19026C 35 93 65 75 13 97 21 61 97 45 
4YqW0i1ffb2wM68r41xj 61 41 97 30 56 36 16 93 85 53 
44IU01E_9q710BAYe_3AN2 36 12 29 68 57 73 97 41 8 85 
N45WDOa3M0_q3AM94KUAw2ez 16 55 25 34 33 19 40 33 16 43 
l208QX7_N03k_GJ46 13 1 73 65 11 19 61 33 65 65 
_ 43 41 1 11 92 100 96 66 41 21 
cx086X0Z_9 21 76 1 91 1 1 2 11 5 1 
R81986qe76MMR 90 75 80 1 13 31 51 36 93 21 
15 95 19 1 46 92 73 61 56 11 67 
75TW4jo5u1 90 1 1 25 35 13 1 13 49 26 
w714ZeZ7Ia72rao7wx1401 20 5 13 33 23 77 59 61 33 61 
ax1n5c10W_66G 21 1 79 20 57 66 57 50 35 97 
2I97I0gMig 62 37 41 1 65 61 46 41 45 37 
01a_0 51 61 31 13 96 31 7 13 21 31 
2ARAI8Ski89A119Y84537fH 45 19 19 11 92 79 43 87 4 41 
d1i60709iouBw 21 6 89 46 85 52 51 91 60 10 
9M84AE 23 85 31 96 62 21 13 61 54 21 
9Ix6kUS3C8k6 36 86 51 5 13 76 61 87 51 53 
85c2_080o5NKa 41 86 41 19 89 28 10 60 25 17 
jSWQC6_OW2 45 13 45 53 36 71 25 51 21 46 
6950Sq6M6anC3i7a8 37 92 89 1 51 51 29 31 5 57 
3Eo0kh_50094krAa286uGL 30 73 11 55 36 62 51 63 5 41 
RqUM65Q 9 1 77 9 91 76 57 9 29 96 
IM7Rcm3u80wEIA08q9a0g4I 72 48 38 61 7 34 31 41 100 9 
2pSm3 15 94 100 52 96 83 55 1 49 45 
2I1290S_w202 3 61 49 81 99 59 81 61 80 74 
bSb15Tl056GU17I55 21 1 17 1 79 34 24 99 89 98 
_Qq973903m33oue82 1 71 85 97 51 15 61 63 82 93 
8_CMQZ_M9_9Q800cY24_Ge7 87 45 5 1 60 96 31 91 61 69 
9RaN 79 6 61 33 17 9 91 96 49 7 
124J_a50T2S4 83 71 46 26 61 45 24 44 70 1 
3Eb0q3Jk 73 81 16 69 11 9 87 95 21 63 
0bH6777aN01oy60kW09okKdwh02 11 66 99 97 53 61 5 10 86 85 
u_AHoNw5_640a_08p45G6_c 93 97 64 76 41 69 21 36 85 96 
R 53 31 57 6 47 5 2 77 51 72 
W3aPU0y1s5Z5ss6Rw 95 86 1 6 23 36 24 77 1 3 
19o2972N84Q67ab2oE7o 61 73 89 90 91 15 41 65 21 93 
6g0dSGY7_oF584oxU 1 31 89 1 83 32 91 77 21 3 
2A27287Og8 2 71 60 91 65 86 29 87 93 91 
A1K4774C8Z0Wu09 2 61 51 81 84 85 1 94 33 99 
4aJ100gAc_sy10Mu__c7k8c6 48 5 21 57 93 21 64 71 95 6 
0QA_ 61 74 84 64 57 41 47 87 59 13 
byBFQniQ668t0 50 83 59 83 11 1 59 67 16 1 
024470A 97 24 70 57 21 56 8 40 57 33 
i5Ua31 91 49 69 10 3 51 73 65 61 100 
20_0Unk63I7ii 76 29 33 31 87 26 83 58 55 1 
5 93 26 11 21 25 5 86 69 13 11 
w_Av64Q19_Qr9q 33 87 31 80 55 81 56 95 24 53 
8975MKm34 51 61 40 86 55 41 81 9 51 91 
8c60 91 3 5 45 26 43 13 85 21 11 
4 42 93 26 86 53 17 89 74 69 41 
3a75827k44s16801qOID030 29 13 37 55 96 62 61 51 13 85 
c 43 81 36 26 91 69 69 91 14 86 
660276M_4EON 48 31 77 33 55 68 71 10 51 89 
2Nq_3M_ 51 31 85 80 96 77 41 97 57 13 
4_46 61 59 1 18 17 27 69 74 95 84 
M2Xe6EC6Tg06q 36 77 73 11 26 84 88 1 71 61 
zpe_0 49 17 91 43 78 21 36 61 37 71 
N2Su5C4S_V91b84062 31 41 17 25 97 84 97 51 26 61 
y2d 69 41 64 98 93 61 62 33 27 74 
09M 71 22 79 58 29 83 5 11 9 77 
ew0QA7YN168 37 65 59 94 77 95 70 25 55 25 
V2800U0a7455r1_0210_U2 89 13 43 77 93 73 89 76 13 37 
2mXQQ3i290Q580K1P0 79 33 63 17 51 91 9 15 29 81 
3gAK28yGm49c4p3yo3B 45 43 69 57 36 41 12 83 41 61 
D2jY_9hkx0 81 19 1 11 99 33 5 20 41 71 
2 13 76 36 61 53 42 37 14 83 63 
25P4 14 47 13 21 81 55 14 14 47 19 
07SE267nE6 98 13 41 9 41 54 1 47 41 51 
LN60e915_975_0_041_1wIo 43 86 77 96 55 19 11 36 85 61 
I_07mO42 1 65 69 97 10 16 93 82 93 90 
_8_mmU61q69ENy2wS0x8 89 51 57 71 1 67 38 33 77 61 
445u3u9p9KBKKAUae4 69 86 21 93 93 63 93 65 41 9 
9a1u 5 75 86 76 67 45 77 41 40 81 
5476I500cO9 89 66 3 81 71 52 79 23 15 15 
8e783F 68 48 51 70 71 41 88 87 96 51 
sO3864ZU827e0 91 17 35 35 59 8 39 48 5 17 
_06z3UiHU5V9 74 61 58 9 61 89 81 35 65 59 
Yy20da9K23aa508w98cs__O6I0Q 41 69 93 55 61 75 61 26 48 51 
w47v1m1K8_9F4AyocX 41 17 61 76 93 61 21 41 1 71 
77737k13Qk2A81m202_x19 3 5 79 15 41 23 31 9 7 21 
jci2ia9i59 46 63 89 15 77 87 37 89 61 69 
91OlUvY235A177P 5 73 43 49 17 29 5 8 71 95 
47ML5425Ec6c3W0 4 36 11 91 20 31 71 61 86 9 
ME 19 5 13 81 81 26 80 50 31 47 
2t7110735g1615u4Luy 37 56 93 62 91 74 31 26 6 81 
k2p0944_I0m 47 63 11 78 99 29 29 16 71 66 
Ma59Y_0V35881C04344O94 38 84 1 69 67 61 24 60 17 89 
4C4 24 89 49 51 89 3 61 80 57 86 
70 64 99 41 41 73 97 77 20 61 65 
Q7455WaALmw0_ 13 32 61 65 21 56 63 100 87 19 
7066tA5s3 15 49 85 36 82 48 69 94 77 15 
8_c8DY_0520z17456Aa90y 29 73 51 41 34 57 49 35 39 47 
C61_um6w 84 86 5 1 11 41 30 81 46 45 
WXil4U27oN_uM2Q8 13 65 3 1 12 26 73 33 11 81 
3d2ePiGqW8OH222180 16 53 53 41 27 38 81 33 71 88 
R35n0kkaoI1sYpp90N_Kc8A71 27 1 5 35 65 61 31 82 57 71 
6G0AQ7 53 53 59 51 97 47 11 1 77 21 
8340 64 26 51 1 23 41 41 6 26 40 
2kaL3bS822y1_IK5Q039Cld012 77 10 76 56 57 21 77 49 26 93 
Q3a1cm06L8E7Q2A7308s6o 61 21 33 56 51 97 18 33 29 89 
q 91 36 8 73 26 1 46 29 92 31 
38k_t7SO48 66 1 92 1 53 78 54 5 97 35 
7490p935209a2P03a3k 92 5 1 81 25 83 21 2 44 51 
65aT505pM027_2sMS9l 10 71 61 66 96 97 17 79 47 82 
Ema_6x8GMn 44 31 81 79 73 100 80 24 37 51 
xYEr 25 81 85 66 41 61 61 55 88 53 
7eF7 92 21 61 31 5 44 16 41 94 31 
k7A87279Uw 31 39 33 63 59 9 57 53 49 5 
15A0e25SIa9fw4026s2 61 94 21 27 95 41 1 85 81 1 
9 91 53 61 8 26 92 29 76 39 49 
M9qyTU_NwIf69ww20 16 93 63 97 63 97 19 11 19 87 
76an70j8o5Z5y074gus2n_t2Eeq 73 51 3 25 11 77 66 11 93 85 
44M8Jk1rm140A 64 51 57 37 89 29 26 17 46 75 
970AYJ7eQ0 21 21 53 21 54 41 53 61 61 61 
39Ezx00Wt05 97 1 72 31 61 11 48 26 21 67 
6qr6_q17Vf 29 91 91 64 51 47 21 81 29 94 
30f506A_Y8iSP 19 13 67 76 24 12 35 37 36 35 
0 83 19 69 33 25 37 97 45 1 53 
s_550c63sj 73 36 79 61 60 15 74 11 8 33 
3SA80ae20K__Ta66jnEWE8G4 51 61 47 97 29 3 6 29 30 71 
3 71 89 58 28 31 93 85 85 67 56 
4Ao8WYXA0S 13 17 75 71 16 34 67 63 31 37 
e17F87uw1910KKo7o5T6VO 77 6 56 1 76 3 16 41 35 11 
5Q67pGG7460Ea90644M 58 41 9 90 1 17 88 85 25 91 
bm 69 87 35 3 57 1 41 77 5 42 
2_9W890nj0 57 77 36 51 94 26 51 79 65 32 
YSmEgt7q1y 47 65 61 19 82 78 67 39 41 59 
9l8660C08u12A99 29 11 1 68 75 63 17 69 14 96 
7a83Q0_8Q9I010a1027Q1XUl4 29 1 46 87 11 13 82 51 53 86 
6 90 86 87 23 81 81 35 41 51 55 
Y 21 33 9 97 33 27 73 39 61 1 
6B6Q96480TpcA4TpU875Y8 13 83 23 94 3 38 1 41 89 23 
0528s6HSi0F56Y0M215 7 1 71 49 73 13 57 71 51 45 
k0o1WOxA43 75 66 63 18 34 7 29 31 79 61 
9mQq 26 43 9 1 21 29 42 55 1 54 
29u0_17r3uI8635o5u9003 17 5 20 21 13 45 17 97 25 71 
I 90 12 49 21 53 52 95 86 97 33 
0ik8A90G_22M7qy46 57 26 43 59 29 35 37 81 18 11 
AY407COGfK 21 45 61 53 29 93 19 9 85 36 
70m8K4N542A1108t705 76 81 81 23 69 13 1 22 6 85 
16078u__L8ic7i3 72 57 17 83 85 25 96 81 66 11 
gkMx 41 41 1 37 81 65 27 4 5 17 
7 23 75 65 65 76 34 91 11 99 19 
agmkA8E5866s7mw759 39 22 71 54 99 65 5 81 28 21 
79C01u2e_x 15 11 56 77 75 88 91 61 47 56 
gwY6lI1Rok 42 23 91 25 88 73 69 89 1 31 
5f465d34a6n_2712AH 37 3 20 21 26 1 65 12 42 19 
0MY5i46M5m215FSkS5 89 93 51 5 33 22 10 71 99 75 
6yAmq89qAAK9O 31 56 33 73 29 19 77 81 19 46 
u8147KV51362yH8y 51 100 81 84 36 44 64 93 64 33 
72797201g0ud29990C80W17p2 85 45 57 33 9 89 59 84 2 11 
U0075 21 71 97 79 3 26 56 77 34 57 
08_q36o216_I60DD0_902 71 75 45 31 54 41 81 1 69 85 
2x0_ESJ3xA5 97 59 1 1 37 61 17 91 68 70 
b 97 14 51 19 93 69 51 1 87 5 
8s2Ru4aQ0J_9s4I59Cj39 41 50 61 1 41 41 80 22 30 77 
6_86R21PYa51Nm09897g0K8 61 64 27 9 81 59 95 45 1 63 
C243Nm652410W3_96zK58Q 60 81 34 31 46 64 93 4 77 64 
kEp91Lt 8 89 1 51 97 98 67 21 73 53 
0J6E2_MPAJW463nT4GJ_Ec_ 50 37 14 96 7 100 33 89 19 85 
8uz87acy58APw50 43 14 81 71 61 99 85 18 23 96 
o35gU0oC1_051 76 13 56 1 5 49 77 93 37 69 
_af7O6uG771 25 65 45 49 27 69 5 80 33 21 
QhSU1eO6WCC_b5Sr6s3J0u6 17 1 94 100 17 21 21 94 66 3 
7i406iqic5p_Ea6QW27 69 15 1 43 75 27 51 43 43 57 
d9k8040G4ZQ4qN_0717Cea905 57 27 87 81 25 67 51 1 51 61 
Az5y 87 1 1 41 77 31 51 58 81 33 
I359n0I230U3WU6G0OG19c 33 21 27 1 39 86 79 81 96 75 
61 1 51 1 98 46 61 7 68 37 83 
12UMk995p70w53sO_3o 1 93 67 57 1 9 14 91 94 11 
2wX397 57 73 49 52 51 82 3 85 99 26 
42N_8e_y281t5ms509030C4 79 47 89 11 26 10 41 41 27 29 
050E0__19u 46 2 61 5 3 51 51 41 79 81 
nSk 9 61 80 9 21 31 47 1 5 5 
443y06M5aY53AqFV2__8_w 61 2 3 89 45 2 15 93 85 56 
cMNo26q_84 72 85 88 57 1 15 21 40 96 63 
_4yK9240_E0y3_A8kio4e9f9 19 89 94 69 6 57 11 73 77 31 
5009b5w88746f30Xg_4 93 36 43 11 91 87 93 85 19 73 
458Lc4_k0Y 96 81 46 65 59 1 17 19 76 9 
j 31 81 75 3 83 13 11 97 93 39 
6ky700Y4493Qa 1 21 1 38 55 29 65 96 63 81 
_Io9_5kLm0gc0GH_Qq77C 21 54 65 54 1 9 4 61 65 97 
30502w5mI_7A0i5M04Ii8_ 51 11 35 50 49 76 76 34 73 91 
6b7XEy0i2M 76 97 6 66 34 88 81 43 1 83 
598oA8S53n1k6 52 77 71 41 25 23 7 97 1 21 
BO2oMNQ83203013xUO_Cm6_0 29 96 13 79 61 21 13 51 33 91 
4Kn0sn56072e861622t9qu 50 41 77 43 45 71 16 79 13 84 
YJ0t265_gYf8p7O2 81 81 21 91 4 21 61 89 20 89 
187EDoA501 66 51 51 81 51 21 99 21 28 89 
x72eq82eea 21 33 16 89 31 59 8 13 59 81 
_396081 37 36 97 63 10 5 64 21 20 76 
c 41 41 76 60 16 86 71 4 2 21 
_i_1_ZsP95aY2aU084v36345 15 94 77 21 55 7 68 43 57 73 
uL2AF2Eh7Acc54U5382156108 91 23 43 1 1 41 51 17 9 26 
3s0s8A40SaTm89q_ 54 3 61 31 28 97 57 76 43 9 
2s5AoQ34n7ulU 52 58 51 94 27 25 89 1 17 85 
M1 81 57 24 9 51 89 41 71 41 17 
E5U85094E_775Y900OsE9S 84 73 5 35 53 81 81 7 70 1 
0_90i32sMV6r42s 1 52 15 18 75 37 49 33 10 92 
0__doo_9_T6J_66d1g_nQ 14 96 77 63 79 1 69 21 81 93 
cAj77X50YUA86_21634 1 52 29 33 1 61 41 26 7 61 
C6gCU8E1 12 27 81 49 61 41 67 6 33 75 
wA19AB86wk3aIp58_7j559i_ 11 59 25 77 23 21 12 91 87 52 
421E5aScV8 29 1 51 65 61 19 35 83 53 5 
Cu2q944066 69 9 89 94 93 97 23 32 1 33 
L814W011093y492k_957 41 31 47 22 49 8 63 46 33 1 
48061mS6ucV5K00ZA12 89 1 68 11 25 37 61 44 19 87 
B6 5 69 27 11 34 61 85 96 94 24 
Nc97H68ss 31 10 13 82 80 66 65 16 30 71 
2800_9xE542M3p059p0 19 51 68 73 89 66 79 61 1 17 
2660ze8V6 61 81 23 97 47 45 27 95 29 61 
Locg0qS_8M22b 4 94 5 64 24 1 1 21 77 42 
2 93 33 65 45 81 34 14 3 26 40 
ci4808fq7J4bKi00 77 21 93 5 12 22 73 65 83 85 
g4K3N695ag 91 3 71 15 81 86 49 100 7 53 
0550lU64yaB8 76 43 43 31 21 92 5 9 22 7 
z7G6 41 69 52 55 43 46 91 29 51 1 
59 7 16 25 23 11 21 39 93 75 1 
0_8sQwn9rO80T0_57Mq06A 91 83 65 2 80 23 67 36 5 51 
A0q 35 36 6 56 79 13 70 41 1 13 
EsC062N721Imc 31 41 56 61 41 15 77 29 100 7 
4wUF 9 61 54 59 54 25 1 51 51 81 
0W_sq0Qs5oP83__8 1 4 96 41 89 85 73 97 83 95 
4 18 1 71 65 27 95 74 84 60 9 
3s3U0AjPkT0h 61 14 49 59 25 25 76 13 76 49 
z84Iz 9 23 14 67 25 21 41 93 5 71 
3983rr7wS_05o6be 86 88 99 24 19 16 99 95 19 61 
M8e6W4Hm824b5_2Qqw15g26 76 19 49 63 36 81 29 11 7 28 
7A37 55 9 41 98 74 51 16 48 83 31 
5mF20mn7smB12sgN1919W6 37 37 11 97 21 45 29 97 29 35 
7_JU9YRc8 65 87 73 41 31 21 45 92 39 41 
fN0 58 57 33 27 41 51 61 4 88 73 
A8_94u80kU8O0Gg3C6_4D69 13 29 9 21 49 91 1 26 64 21 
c0_C_08046f 35 30 45 91 81 81 71 16 75 63 
0K0446003otw4 13 4 98 99 96 62 76 81 1 11 
ASHe15zs31l0_90_208Ci 15 28 70 76 20 55 60 18 94 31 
MK_1r900mCRc30638YQ6uQcO8AZ 73 56 78 93 1 80 41 29 41 91 
_wUI99e0Uw 1 37 29 20 73 86 75 35 1 56 
xdo11E983imCQ600u34 77 49 31 38 73 73 85 48 35 31 
4 21 97 71 13 39 49 70 13 76 1 
k0zM3ao6Z0af4_10 41 25 67 81 51 75 93 89 41 21 
I2g7A9av20I90K 89 28 53 36 99 72 21 71 100 21 
EAg4057w0r6987zY2X8yUGi 61 16 3 75 11 65 1 41 78 38 
CA_48S308F77 37 31 25 49 85 33 9 21 33 98 
03 25 72 76 47 82 61 49 49 80 23 
6uqAIo4 82 41 29 76 81 39 25 29 89 19 
29Z_94CB8q 97 15 97 51 71 35 2 21 33 10 
l504 73 51 99 61 1 22 41 46 93 75 
2778 56 70 39 24 51 9 25 99 51 81 
2yI5470aI3_8P85y 85 51 15 19 17 26 44 13 7 29 
E706QOI259q6mjQMTo0 16 1 6 13 69 51 96 33 65 31 
_5ra 17 13 99 96 62 78 1 1 33 76 
7K76095N8m3_129 30 26 31 85 51 81 89 76 12 19 
7W3K 50 92 79 13 61 19 93 21 83 73 
f_glQqi0yo5sjknG2c006a24t 11 91 69 55 49 61 82 3 57 39 
8Tn283h17 100 81 55 56 53 81 96 25 34 69 
ndMA9w3G5aEQ86NSdO0EI10K 65 1 51 75 51 22 36 48 86 90 
011g37A0ONI61A598y 1 4 13 77 65 81 65 4 46 25 
4yI2Wt17V4w573NSS00385 89 81 55 51 61 97 1 93 21 89 
7123tQ4N105wK9 35 61 76 26 57 51 39 79 80 84 
ig_30s661qI 41 60 3 71 63 59 65 21 20 71 
0O5na1CQA8 45 1 26 53 21 58 61 55 53 26 
1Qa7_5 56 69 77 53 49 51 9 13 94 81 
y5Y2I_60J76 13 74 25 73 82 56 22 37 89 51 
c554 93 13 43 45 66 29 39 28 79 47 
3O4RiD1u7_q20 90 53 11 44 89 67 81 63 96 25 
D3K8QQwA0685g269IaYa23u6 43 57 1 5 45 26 93 65 16 51 
0K65268IyI3_8 99 83 42 91 33 36 1 35 94 17 
85WU311e507YL9l31t7 1 1 95 33 52 95 29 61 95 53 
1k3e_g3qYU03Gaa8F9n 77 80 100 63 34 65 1 93 21 21 
k6905A2ye0Ks8oy8m5 23 63 72 52 21 76 11 84 51 41 
7czPYq5 37 56 88 89 71 29 53 40 51 87 
j32K2qN24_U72n79 1 71 83 97 26 49 81 27 91 45 
k02q__7_1T 83 74 81 49 5 61 23 15 43 60 
io1A_ 51 93 11 7 26 77 62 19 58 49 
Cs81sm0 9 20 26 37 17 41 51 16 1 21 
5 10 29 1 51 63 26 43 97 71 90 
68o68g3a4KV3udr1l0S1_ 41 25 93 66 93 55 36 7 42 37 
6K21m645V41 49 12 33 89 51 69 78 69 94 96 
A6A17 13 3 21 66 1 79 32 17 89 60 
M23p3u91_N66334892N 23 67 26 32 17 93 9 1 13 79 
88b7q8J5SyVyGs4c6eC 35 77 69 77 65 31 51 83 74 5 
NW09 1 65 93 49 29 16 63 53 41 51 
n9E4 64 51 5 20 73 65 29 57 38 61 
7 9 1 49 89 69 40 57 1 41 91 
n35_sy5_0P0285v0053_6 21 36 1 67 17 95 6 33 82 7 
_5_2Y_7 49 4 26 40 21 5 73 71 44 89 
u736ldYo47035Q9Lp06A 81 66 81 21 81 38 29 8 85 51 
C08_VoR726q9i 26 49 73 61 43 5 91 1 53 81 
7NWx30yLAy0o4C_48a5 75 16 3 41 13 71 71 6 85 11 
n984gP383m0i249YhIAwQ5uGn 97 17 20 57 87 80 31 20 87 19 
_i805A401QH9b23mZ5Q038E 89 51 49 20 79 63 26 79 45 81 
K 29 25 73 25 78 1 31 13 35 46 
6M1Dfc107897 72 35 3 97 93 36 85 76 19 76 
7__29oKi__ 81 11 70 62 1 41 77 62 41 9 
473TA73vI6_91OEc50_pm4_008i 11 51 41 5 72 58 94 59 21 34 
3_gU88 55 52 27 81 96 41 3 21 6 97 
62Sg2k3419i 19 67 48 84 1 61 27 71 91 26 
8YS56_9QG5297o40 87 71 86 1 72 41 58 45 23 77 
_64b0gbSg4h2mBt4wM64 69 31 73 29 81 94 100 9 71 17 
1_7 21 6 85 19 41 45 82 53 69 61 
l0__t3369CNAP603Y3 75 69 57 89 21 23 86 75 36 86 
o010 54 96 64 18 41 76 66 51 1 75 
3vW4i5q_A5qT6SaCOg_CN0sGo 17 10 26 37 65 86 5 51 15 41 
rA33V8Z4g310Ce6_9P0 57 81 41 23 97 60 89 61 65 34 
A1Q0 10 21 73 81 13 25 35 8 81 33 
2k003k86iEg9_i 71 31 60 41 75 49 11 6 9 1 
uO0Oz9W0_15aU1 99 76 81 83 71 23 1 81 99 34 
942ru1_wuQ7421A 61 81 81 35 61 29 53 41 3 31 
AU 3 98 97 72 52 60 1 76 94 63 
02237g6Y5L 89 85 61 83 42 61 13 5 51 81 
0K 39 21 93 13 35 7 10 77 1 25 
4400O7375Gpw2000Y0L838we57 62 17 41 66 91 93 17 77 96 76 
5 21 1 49 33 61 23 17 21 62 71 
99iWdkaAu92Oyp7y48G 85 66 81 44 46 8 7 51 51 28 
y8qMg_q359101 71 21 51 53 51 57 81 86 83 99 
41a5oU0S125cWEqGt8A9E7t0_ 21 68 91 15 87 13 93 72 18 71 
2R 31 21 49 61 60 42 61 44 78 51 
33oO9l01 50 57 60 22 55 36 13 91 27 16 
77A9 81 54 41 21 63 40 95 25 42 76 
p0dA 1 34 4 61 91 81 97 46 5 11 
41522c1H05K70w5GUa_ 5 1 21 73 91 49 29 41 81 29 
_C75t_0521_ 21 96 73 65 30 50 57 62 91 65 
57ybQ_52G 22 45 60 3 71 81 97 1 89 71 
209U_rB3266t99 23 49 49 81 53 56 74 17 74 12 
150w 85 76 13 30 76 96 43 1 10 33 
n38k9C7o_I0_md87 93 41 30 76 51 71 1 1 51 61 
147nsCGGe1ANi6FQw928WI 44 2 69 1 43 49 47 11 34 11 
GU0xK4A88f2W9BOayoT6n44I4_ 50 95 51 65 93 41 1 26 21 96 
0Au0_5C56Rx 91 45 70 61 87 37 41 51 79 93 
PXC3641EA 31 53 73 1 85 41 97 89 78 94 
a 13 63 1 93 17 76 46 21 2 2 
Ao5sb_706K75G6N15j8pA44 84 53 71 25 30 41 27 17 31 73 
N2y_30y6Obfa6W7QK69 46 49 27 61 43 53 55 17 97 25 
aoG127 24 89 3 93 54 99 91 53 43 53 
qgUga 1 33 75 34 67 69 66 27 17 36 
4w_16g96820I7gJO317 15 81 87 94 25 16 64 38 48 77 
8h0N 43 63 81 29 91 49 81 11 99 29 
Gai09QO9g0 17 53 27 69 26 85 96 1 56 69 
0g079s_4704GS 75 96 27 95 23 50 73 8 92 60 
AW__pM9060Ei_UX85s0d 36 1 21 48 49 81 1 53 65 19 
_S_2_208w03_s12Ak8566IF 95 13 61 65 20 85 1 25 84 42 
I4Ik1O3W4Y71w0E32Tm00 1 61 3 37 21 31 35 1 76 26 
g930Js745_0t4MI2OYmKUa 11 65 24 71 91 53 17 64 9 40 
09126014_00400cBcm131800gU 70 43 1 72 1 25 9 63 41 21 
883 41 33 24 1 61 95 26 49 84 46 
5 69 1 1 9 7 99 77 71 95 61 
Moo120ssTn4111J9u54Qbu928S 1 19 51 19 81 32 79 29 45 57 
3G2 59 61 69 1 64 39 21 69 69 5 
AO362iY1_981AWz0_1ycd 68 57 69 11 1 40 31 93 21 1 
2527 14 35 57 73 83 23 80 41 71 45 
Uq6508q64Ae049cU3p_690Y 41 84 17 33 64 71 25 51 1 41 
__55d4V3 74 33 41 53 76 89 76 1 1 29 
SvC356v5yMC 13 6 96 71 61 6 93 33 61 90 
oye0Z10wuNw 1 13 81 86 31 33 97 46 46 27 
X33o4Cip1JEso06U0eu 47 26 19 26 37 77 99 16 96 21 
b_m381673FOS 33 89 1 20 5 71 73 13 29 91 
QaEm 63 54 2 46 13 76 35 61 6 10 
0wA1Ys79Yp3j05g614Tga20C64 79 73 97 84 98 13 66 76 95 53 
S 19 27 57 51 71 27 66 64 17 66 
99wq185L0n3x30MO 1 42 99 79 39 99 21 15 69 5 
6 81 15 99 40 5 36 72 27 9 91 
CDiP0D3_UHz90 85 85 61 61 91 80 15 91 57 79 
50y_940_QGz1yAwOy 60 1 85 61 31 41 67 34 91 41 
aAD26Y8Q 25 17 6 73 49 19 37 41 61 99 
CS 57 27 41 81 4 90 51 58 43 47 
0wP099r593 43 65 85 41 89 51 61 51 4 32 
99__67IrOc 24 59 75 72 11 55 1 43 61 1 
y_a_f2k 47 77 94 66 51 50 96 48 92 42 
M2MF 30 1 1 15 19 86 82 81 45 63 
A0nav0_u0g 37 15 25 57 11 61 37 6 11 5 
00a__56x1222Kf6aSsc0o3660d 74 17 67 7 17 85 45 1 13 21 
7509Q6836o9M 68 61 69 15 24 97 26 19 1 65 
Q9_4uxgA07Y89w2 41 5 53 41 97 1 71 60 56 21 
7ON0iw5F_12IFD00uD7_m6 79 81 37 33 67 19 41 21 39 62 
G0_aiTau0O5n_ 90 41 31 46 58 11 67 21 71 1 
97MiC05dG0587p3S0H706M 81 31 73 9 27 12 66 73 11 96 
_G4z 11 1 19 12 27 53 73 36 17 73 
5IoY1u7IVY 75 86 61 65 62 81 75 37 13 13 
ZR185_64oAnY8yq35e1B 41 49 7 85 94 41 97 41 13 12 
962d748U1r478Q7i14n07 45 95 81 46 69 85 1 76 9 49 
Sd030__08003U39a040101C76 41 52 11 5 86 76 16 21 97 17 
2_9OI66420gq7085 17 23 66 89 41 17 76 12 21 1 
0a4eQ63Oij 61 81 91 28 81 85 56 56 11 29 
94C9ATq 91 61 31 94 96 61 17 5 61 61 
a4c98W_0C_Auu3_0s1009O5Qk 70 73 1 61 61 91 29 87 15 39 
6 82 25 51 89 30 33 86 81 1 91 
U8sG1MEa97q6 3 61 91 67 9 26 5 33 21 41 
g3ia 97 78 28 41 81 56 51 19 19 73 
420162393c 38 1 66 19 27 29 87 99 33 81 
Ukw8aB8q_6A8C3rz 49 24 11 76 41 85 5 21 36 1 
580F0T4675W0a 61 76 51 49 59 81 24 53 18 73 
1C23_V8HAEKk1yasAQA9k1Y 76 31 49 77 29 93 6 73 18 86 
39zxTUp7 13 73 11 1 19 17 81 95 62 17 
W 36 11 75 47 13 31 1 1 65 53 
_7jA53i_9 5 45 53 73 89 4 13 31 57 15 
U595z7O 83 62 61 57 61 31 61 53 66 61 
u7 99 21 85 67 77 51 37 87 26 79 
SECm84yYlWR20umQ6NrIMa 77 51 29 15 65 31 35 51 91 65 
s163 25 67 1 61 91 81 91 61 68 61 
51k1 45 86 28 12 56 72 85 57 5 85 
E25Aw405M2rY2 65 57 73 1 75 85 89 41 96 13 
6___69O80Aoq800G45DG_nK0 47 63 59 41 41 13 76 37 81 3 
9504Y3g 1 49 83 1 1 32 79 11 23 57 
6 43 85 27 21 33 85 25 33 28 37 
670Y_U06qg0_Ce5a6 29 5 25 76 29 88 19 33 10 7 
122S6Mz_33W11oa90lG1i9578 57 47 81 33 23 1 61 65 77 1 
S7x5 12 39 57 67 21 33 61 13 5 93 
440047003485d 39 71 51 6 89 65 1 17 31 7 
e9f2_A9z2 66 17 46 1 66 22 8 15 17 61 
7 95 61 93 69 41 77 25 89 37 31 
5q9006 46 74 25 61 21 13 11 47 1 6 
7eGb 81 11 41 51 27 1 1 77 37 16 
81 89 61 47 97 1 98 72 20 85 29 
3wfbK500a5 25 61 49 27 1 79 39 41 57 77 
A2M40N33k094 17 68 1 25 80 19 92 16 57 76 
q480AkxRJ0F35I13713123L4c 28 98 37 17 26 33 21 39 75 27 
s_k0 73 31 61 95 92 12 7 76 51 57 
_I0_q4c35T06F_un0h39W 73 75 27 37 77 16 25 28 27 21 
e78970Wy 20 13 48 36 25 56 44 65 12 35 
194303730Kz8P 1 12 31 52 57 86 76 11 51 58 
90G00159__a9mW0qdC5 74 89 26 35 34 43 77 24 41 87 
5 65 61 37 17 1 21 57 97 41 14 
2IO0I40 66 57 39 61 45 31 25 28 25 86 
_ 61 21 33 79 7 82 49 59 17 91 
c5y40ce8w5p_CGiOw1HyV2 78 26 91 77 41 81 73 25 5 13 
4k0_h_y4U4 90 41 11 15 91 59 100 87 99 29 
52Ddwck4_0UCOk25 23 58 21 91 37 81 98 29 88 22 
5339e_78Q0qJ1WiYg6jABy 98 79 45 35 15 45 75 15 11 81 
55387704G_IYev9tN1gTy8f00_5 57 19 99 95 11 41 51 93 86 49 
80zNL06R3A 92 93 80 45 79 61 56 15 58 41 
IE1274S32o8905 63 33 46 33 51 99 93 47 89 11 
829b0m3_35xq3 45 17 80 8 84 24 45 73 69 41 
i2939QoeWA 70 31 1 61 59 55 1 96 31 77 
NICe348kZs780 91 5 45 97 41 23 40 43 75 3 
Y_IV_m95t_8MI68k9aNR 94 71 25 89 1 72 29 86 55 60 
w76c6I5ktKu9407EE 23 61 95 97 13 76 26 55 31 86 
61HOhu4gUH2zA7FAlN_3b2915 51 17 31 21 29 1 57 51 85 45 
C 32 1 31 84 1 5 21 80 51 46 
w5SC69_418aaT2jI 1 86 1 87 71 63 37 51 61 11 
5q_67ww6_KsM_5vG9aE7 1 79 40 96 32 37 49 61 13 13 
enA_264AEhj08_2Q8ouQ7_19a 77 33 86 22 57 13 1 95 79 47 
f_Wezg_85242AprRG37 23 63 16 99 61 76 21 23 33 31 
e00pw2c00nWIa74Y0q 63 9 93 61 1 18 61 35 26 71 
4540 61 21 31 74 77 55 77 55 47 31 
W870V61e035EK1G14wG43aS 43 31 52 1 49 89 21 19 17 93 
D9O08_1 26 16 9 93 45 33 32 34 11 73 
m688Au0dJa70P39kN1U09R 24 3 69 41 53 1 51 57 72 43 
07N4ye2c507m93r_Rs0w 69 45 69 97 74 26 41 13 17 1 
o556288i66q8AKD9 100 41 34 78 81 1 32 73 71 21 
91_YO1s078C9Q0C0_T0000W 11 41 40 99 19 11 9 32 11 57 
372Xr_9C6618JjX93073 24 41 38 41 26 51 23 43 39 2 
58OA5r_9M720310VY 96 3 25 9 20 23 81 87 41 77 
96oaYW03 9 96 51 71 21 33 57 97 69 5 
1kO054k0KZFaB97 21 45 1 12 13 15 15 75 11 95 
mFqiWLsJ8A6881i7ev096IXZQ 55 47 26 5 79 81 62 70 41 57 
_xIQc205n785wBng 77 58 49 71 78 63 8 55 21 5 
WQE62bJ 41 43 89 34 43 26 61 81 59 51 
3A2q86b0606e85o74__KqU0_h 17 73 20 45 1 93 41 77 72 13 
UOgYal6Aw_63E4U96JCw9a1nSP 92 36 78 57 50 45 60 89 61 61 
Ky5_63a82C0a41p05G04Q10 71 21 65 9 1 70 81 77 53 8 
rH2E305gA1Y7O8 65 94 91 65 7 57 73 25 97 49 
4O80463E_513 78 36 89 21 51 3 63 1 49 43 
KV4404ah860ouDGsau_2a12k5 67 67 39 60 31 42 31 77 88 53 
8wz02c26uA2mpA94U1o 65 28 27 26 51 13 1 55 53 29 
s57c4Des32 61 100 1 31 97 41 18 35 10 41 
0QJ9201y9O90BGyJ0yPOa 1 3 41 94 7 29 29 25 42 99 
wF9Mi60dA0LGM07 3 93 53 30 21 19 41 1 81 100 
Ua7HUd6I1s940q2Kof1_I_40a82 28 94 53 6 67 1 62 25 9 22 
5115km179t5E99O9QV23ow390Ac 61 51 52 41 4 31 81 7 85 89 
9Q2U5sO1M572a42ZGZ_t872 37 49 45 56 35 19 55 81 56 89 
u7eu27A_CUw8v4I30YQ4 89 9 31 96 69 29 85 57 93 28 
pCZWW41UE9793KAh7UU_0cW080y 37 39 63 59 81 76 67 9 25 78 
817483609Z21CKb7Q4zTYA_25 1 5 11 25 71 18 66 45 19 69 
a 91 31 33 19 69 69 71 33 69 5 
1 89 63 84 78 37 99 27 39 1 66 
2_7aE9iIa29_A3r 19 91 45 10 39 91 1 17 61 10 
7q36Vy40U5 65 99 41 25 53 96 45 71 5 66 
D5A14Q6 16 51 51 81 61 57 26 1 77 49 
_092_22EA50UH1N2U7P963JI9 93 94 67 25 59 37 23 21 71 61 
6497m456Sa909uy836A 45 45 23 68 49 49 15 81 19 37 
2e255NC5s 31 70 45 47 37 57 9 89 37 89 
60_i969909620569E5Q6 69 6 11 17 94 91 61 89 50 29 
6G23M00uYw02Yr_a00E9x70D 1 88 35 49 71 25 5 54 11 31 
Ze522E_eAT194F 77 91 3 56 30 46 53 95 33 88 
sY700c_8_ 9 17 41 55 49 6 51 9 72 92 
X32Q67Q4_pU3e7yh0i586QLs 55 21 37 17 31 53 35 99 84 80 
X9o5816R8_7WAP0m0ar010 7 57 41 13 57 7 71 41 75 82 
SyC80a77YnR11 67 87 93 36 46 14 85 89 60 84 
96mXc056E1GBm09_mI3Ig_ 100 21 61 60 39 7 13 47 81 53 
0q3 28 2 88 75 41 89 1 45 75 9 
4n500C0 51 31 11 26 88 5 34 28 17 98 
R 54 50 59 1 15 54 59 81 56 79 
8 9 89 37 71 51 78 57 21 41 63 
mY297_a_44nM7kua0163T3 52 51 45 21 30 12 99 81 36 74 
A_pa_1 9 13 76 13 6 96 58 41 55 10 
Y8F3E96G01IQ05wiMGK000hn6a4 59 79 51 1 33 57 73 94 22 26 
D66 65 79 17 65 67 61 98 71 21 77 
0C514ka_482s2667s76 5 76 41 46 53 61 81 77 51 10 
NeO_e670 53 75 45 65 13 37 65 15 97 46 
2a4gOYh 41 11 26 25 69 14 57 1 11 53 
Gt_K9A00GHz_s 5 13 54 51 79 76 3 61 7 64 
7 29 27 95 76 63 69 21 42 80 81 
Os923Y_08Xpyc80724A10d 93 7 56 18 75 83 97 6 8 81 
nQX0000x28 21 81 78 21 31 28 67 39 31 71 
_R7WE00y6Q_309 37 38 9 91 1 2 1 46 43 51 
u 4 49 53 56 96 97 13 26 85 51 
yo59E14E5i_4A19k2M 41 25 17 56 51 26 57 3 74 13 
kQ6e3sU 11 67 56 51 75 31 89 52 11 14 
_6TCr7i207WTE8K1 58 98 33 29 73 11 91 53 85 76 
A90vYM0_0Eq6256988e 42 1 75 87 17 23 91 50 71 21 
S679Hd65140283 77 13 15 21 1 50 61 56 25 9 
b499 13 15 54 41 57 51 96 36 1 1 
95YC1U27_828003O 75 73 33 95 13 49 2 61 29 34 
71Ea 37 81 89 41 89 1 36 17 77 61 
A7B4Fy05U0CvR 27 6 45 9 51 93 73 57 24 16 
Av6aCjG0 27 43 87 26 23 1 49 69 81 13 
m0_42q7CQr67 32 67 33 75 28 22 21 76 57 1 
483562U38u 81 1 37 26 77 70 19 41 9 31 
ao41w5M 64 89 59 37 80 33 15 56 56 69 
a 41 93 6 16 25 7 1 79 67 14 
YW0k7Vakxj6_323N1AO6x0g 19 56 77 37 58 83 42 13 3 21 
8kLkP82 55 57 86 21 54 26 33 36 11 6 
41_9A00Nc8 88 18 38 63 2 11 41 40 96 32 
g95C413c53323aDJc 97 61 81 15 50 21 40 7 90 11 
kAMu18K 85 14 73 28 33 13 86 32 29 56 
q1_097Gs0_13S25CY69vW8 69 62 76 9 52 61 51 77 92 61 
x3I381477223537iQ75 41 91 61 69 61 16 97 31 25 69 
X8090Z4a60M7V9400ck9_7 51 17 17 1 61 33 69 57 33 1 
729870_7547_2 89 57 97 41 5 94 9 47 77 21 
F3U72q 81 8 71 25 37 61 57 41 15 17 
9m0V1N67p 93 93 93 89 55 53 21 13 86 65 
545g902Ii6M1iSg081 16 33 11 53 84 95 13 46 53 11 
32AYC31Bh2508f0061pA0w 54 71 26 41 47 71 81 59 76 9 
sYU 67 16 26 54 9 31 42 34 5 51 
7389m0Kn0 14 2 96 93 51 41 61 19 39 21 
2 57 71 41 71 86 42 76 48 93 53 
825OsA23__Y4264JW 35 29 47 21 93 67 37 1 65 81 
3Z060ANUPyg23od1p_tM02 69 51 7 29 89 71 13 53 100 29 
0E80o7u36m 23 97 26 53 85 76 29 51 62 22 
B4a_ 21 37 25 17 5 66 93 13 97 16 
w_000u1 79 76 79 61 96 92 79 5 60 65 
q02iF35Gg83q14442C 13 10 15 89 29 33 21 21 41 36 
56S5_niGAWYNiW4_80W71I774 81 1 10 73 25 9 41 81 93 81 
080AnbMp_JVU1 93 93 43 76 26 63 84 24 43 51 
_ 61 97 87 9 57 31 81 96 61 1 
AIEu83TN83 25 40 63 81 89 77 40 13 61 88 
Bs413_S04080J2K0 51 72 13 6 1 77 61 69 99 49 
F5O 32 27 87 36 62 36 71 72 17 1 
z02s 47 3 41 53 96 95 96 50 29 1 
110_35g7036yc4a3NzO 19 72 56 49 45 86 61 6 98 78 
8_y1K_ 53 87 51 89 45 71 89 33 71 77 
M8g56p0WP55Saq0N481 9 91 41 65 84 96 15 41 29 63 
41o9Zs42Y33b0s 5 41 73 51 44 5 57 73 95 31 
68kN86Ac3fFK8_E4529p 89 33 93 85 5 5 87 46 42 93 
gH9Y5B271MG7yPX2Q1M8Ih77f 81 48 6 6 25 41 1 82 61 41 
009N48Q346N90v2PSo4O_ 46 26 32 30 71 97 59 31 71 65 
_f10_9h02nOSS3206I6 67 1 61 61 73 100 33 86 3 63 
7W40091mm3 63 81 75 65 65 56 17 95 7 31 
o5F6d79 5 81 89 41 64 80 29 52 41 98 
sr4U0BDaK2ii970a94X5Q 18 11 11 33 86 39 39 21 1 53 
ek_Q7Q 13 16 1 45 13 85 83 78 93 29 
95 33 53 73 85 91 78 64 31 77 86 
9E0192q17E82m2984li 21 83 84 1 57 26 93 73 33 81 
52F2 85 59 81 51 53 13 97 11 89 17 
302KH4W50Gce84AN670X7 53 86 47 81 13 31 69 83 37 80 
_c77023ci11y090223AV 81 31 5 85 43 12 33 93 82 93 
Q5A8B0Wz77I4o 1 36 82 32 36 17 58 83 53 29 
0Q5aypO35419040k9 43 90 32 5 71 57 65 29 32 76 
4_56oof64 21 76 79 23 85 1 1 49 73 77 
78m4vE3ql 1 94 73 77 11 41 35 58 56 73 
_9sC4eQG9q00 25 33 47 23 1 35 67 25 100 80 
Gp6g671md8UD3v_U 53 51 56 72 82 7 44 79 25 81 
e23y53ntY26ns91 890226613 546301757 698046831 877847957 526801001 206815936 345622579 90925351 245449711 186350451 
cYc7CIW1REW635AD6R1w 138152353 71765023 462373066 3754243 76261421 105345176 19998595 173783386 74509934 414757729 
29w 124229753 719092783 25374493 142974336 76471313 365624113 152561095 502723261 85920985 19046145 
g0B1CG133K7343U__3_a2173Vf 110322819 95016197 229177297 6107329 280526786 216988093 112282907 226491669 270017503 54734471 
A_i_sNoc_u33u1 287297567 130922841 551693485 438335486 830590465 434109481 1056466 468914065 243837715 110310801 
5UX0Y7K0nQ33772_CR7 64024001 53750017 82936505 249082687 315710139 111246777 52905729 204390460 432344089 642558301 
wyr3720oF988lqA7sh 495214105 40138651 563982819 175043272 17176004 653661296 112046065 426324490 747058481 460315922 
WU 513553339 51246945 10904629 43161307 12205838 244341838 90219001 375929401 73765509 351483273 
2k08 10142934 33864466 252634213 21424141 679550293 226247641 193208626 860871873 207354715 626068357 
A 619804194 145029186 234809201 274826949 51963745 2375919 64024849 158752856 739405 186775833 
81c35w 1166430 52858261 72081361 5544151 594441031 470862501 228144716 172397776 11883137 473716431 
0x49O__g802UtW3ywih7GW0 252692857 112008687 483272230 776628573 114360973 138764876 214911493 232768962 118286953 53194681 
z 194449384 413899585 114847981 207796422 40550870 130558012 206601409 13341383 680824089 150442513 
4C058CaAk5T319E8 513603921 89664301 6320819 219785052 16619635 371919718 182300301 502427249 112333178 416462905 
07uxi5405D_00Jdg906MyN1AL8 206986613 563688217 237913076 448262803 21936801 689654770 291905368 226713201 34060485 33159169 
2C7IoU00U597n0 247193325 60719517 94472181 732143571 812232551 458846367 226372210 85669651 421196761 380501019 
O_5880J5W4Z19M03YY0 18318061 169881885 420156361 21367894 52999068 3121921 135192202 571128241 930039233 411493291 
E 304544481 31954945 275450137 44222935 129654001 146114761 129397063 463715533 730838709 85116971 
i1XPUa4oy771A_SCacY7i2Uq0N8 507275371 270067271 249547195 703944759 530796862 4000245 847438747 232052359 224458841 74142616 
2O7581090 274109125 554872453 8131008 412834213 107073937 859713856 49789377 118142551 73879495 39627239 
2900Yp2_0m 44942281 762769013 15107255 875643725 368258517 529962229 253415548 77292503 75751601 311601 
GM59s1ya0E 973475761 539717869 2667582 30245569 873333252 82133907 13632125 568689481 710509161 434414138 
913nuME6UF 98918113 203459653 785750901 148736211 417587997 400592739 126677695 170556751 186268426 411664873 
753oA16804t 9694069 709570517 114413603 373517472 388233101 234284896 101888545 266144695 13415939 117833682 
0 20517465 176524797 250386718 361061749 60311659 603577041 133760251 316591834 131512213 89663859 
62ga21u0k3 176967337 17875762 263165761 83440313 53176611 928511893 803313793 118897444 9214353 174685522 
sc0r3_1snt_3v3ryth1ng 398654880 906772359 779905929 566507949 185350726 407343329 542048101 15509040 825877271 917620914 
209U_A56ql29 345078721 120349809 512483635 387843766 413913994 23741521 197210141 24155294 433641793 433626531 
06dt 173857300 88385263 28976150 17219123 298032525 260892064 4755187 106651387 72218377 263484411 
c84_2M5sgC4w87I 60901897 392125308 113964025 134361941 434414443 512265265 244838089 299396175 34532261 620026033 
yG2u2_ 103180986 173769029 421714833 71391871 128251369 34356042 581158531 570184792 24881473 246489601 
06S8 370991323 242764057 338166310 222562904 64449645 148868541 223134367 331952739 79926640 30908917 
giAoq4Me79Z98 17837092 14605585 371096393 123330391 315479685 238039694 25518193 6526797 472451041 513212333 
A036uf06kx 260386687 262143193 427390281 135109269 37187458 71867875 363274127 5389133 348228625 161552620 
HnC25ot 203300006 785021001 420478338 317486665 996719395 7010888 391249153 443176 291959757 371873349 
GK_t4r7e0A39N21kPA0ks0 797053449 367758811 240893857 73542085 170420 179372233 127575515 144022425 427853476 318326868 
iCa3 413563333 602503631 1439153 91646353 99230873 21240116 104891391 464449495 2341360 556704461 
2z_y239_0L5a0kIs_80Act_N53 78129255 137837389 164386971 524080957 8732781 731872381 210007079 624438277 94342081 13355248 
219gN0UUq8Ur8EQqt14DcgyU 204340771 73227149 256228057 102216823 262923701 799757687 592833770 116409217 259176646 325310393 
A861 336356751 165440719 102928969 57974218 792658809 498811825 547372251 381869241 548692925 87736204 
498_04A946 22737401 244927737 533396098 409254209 297235951 82905513 394719722 11509939 6092961 135967553 
p 52675736 73062001 380309325 7749496 572369751 37339570 44136093 922838221 321695051 588413546 
___uqa2FA 641212131 5864961 88404961 377475850 508541681 481311026 430501801 202987891 60611066 78335149 
2q8O150_w2K838yOhtA4 529963871 304823955 337454665 9425350 154539361 161527427 88215401 498784105 12402593 61656009 
0KaT30V5ltK3694c8205459Zb 58389652 250944997 224878969 476595891 43960960 111570427 9690481 341350277 531478261 757426137 
8m221aKK005V0Q4CDc4AFO5uA 33591787 331290259 110752721 157598433 111243709 294981181 354818205 1735955 445961716 20725313 
6PSc7w958S6627062_75i1_6R 789364584 3034977 356048093 6046885 100502001 498224145 393222125 421153825 55897111 171943003 
997U94461Y1R6M 177727429 48534325 139236301 38893921 645378133 531392553 10045050 14214313 665466071 72938741 
96 395670751 6492786 68972789 861557437 290397868 364790415 159050038 532949236 38316165 811533 
02G48q6rq_3o51 100051757 7606539 430077531 887863375 154075828 718585613 148650041 448278832 67597356 353374601 
w51_P1a2h3E2 229852939 95893526 285071743 814910185 23057641 146386666 208486455 64870121 396885 24398401 
M81aa39_44Qc15A5W740J8 94601049 7546501 658376797 360846537 15056897 10811491 229497841 538633055 386459571 175714456 
q 327384964 86291355 74450344 12602031 561015586 2751085 229430960 320802301 108070744 199315390 
Kg806I8036_50_4ku1Ox947346A 199414825 101453126 496649428 354966613 839969296 748312865 222317161 421071301 105569850 149122307 
XtoYns 399983753 59999934 534011976 476379505 173684557 120611041 134169601 117021407 1814498 300568489 
I8e8K6hWQvmW4542 468623721 864551101 141927582 315564291 419406313 305904097 545017293 148926597 498832171 218819201 
50T690160OOu057ulCla607_08 454381985 55327416 334083366 98599753 93436705 591506389 374259082 499489141 467389462 14719158 
_85sSm14ag 118138641 135943601 95560496 121435961 21649839 290508877 135191917 656224013 148540471 156038401 
759kW6m03yI3Km_545_ 37102351 344585473 137893687 118271759 607618001 993686 292850585 268767539 71867077 206247213 
US7s73mczgkc4W0T2 889601137 67312181 450421445 729451171 231069511 447212976 331714213 220073113 158487937 190677905 
oM07IG2xaC4 132104655 681089745 364330409 89169961 473932657 79316157 25868584 36544117 129131201 440284571 
13_6uoyK1_g054AK39Mq 164739901 162028801 32183440 991924921 62949796 25615168 45944977 382407289 656114512 201065005 
501_t 275072471 336502801 131209801 45938361 138670951 412194817 155118193 166560542 423505531 862262838 
6Q7013a0Gg_4us0k7GY 129318426 72655086 12738137 310713959 127149025 502378973 172192443 646381 440715961 609570226 
0goAaK514f1104q6aF24504t0 468264741 544629281 92001325 94600269 93954816 208795208 359235381 241272033 308786842 1227163 
6aN401zYw6W0_GjrwK 989923255 216010481 531537148 117525861 110958061 257905165 98251770 429435085 244176985 504973361 
N2Y24aJ4AhIa6b07i80_77 225157969 287418520 362796043 127864801 218845033 322478311 379630489 668005606 279885691 357738651 
O0iO03dM0S2Hwc5M38KEw 263635535 856324877 26444881 12349201 530631745 168967457 186637033 290909698 10930816 151716529 
553Og0943E4i4E913oa 426413778 712438927 122316503 13488913 589190471 12106522 195600787 30797974 410344246 37527981 
55At3Z_V0S350_ 511750863 335640383 775471891 249779169 287080599 385112001 72055513 511259840 375125521 517717047 
u0p2Ich6a 416139177 179734213 303846747 670352345 230202289 335628449 457568872 513977149 180273978 395324897 
9z5IAASE304 163336355 26342209 596158965 40192546 220238301 525213261 281221461 450090213 163863041 333058336 
q3W_5RU_7i 97195561 376367041 34701977 208913103 187088536 53745218 131742771 74100907 134050065 182620976 
aU2950cV50iiQ7kZ 220615191 24023560 2872706 194338774 719404876 410491468 641642401 73128933 442893888 27971155 
843a6E2g3z703C329g0w3AA 13467473 856252279 20817334 403913491 39622657 131845477 151605001 361279429 145276497 244883965 
7ag 184331467 115619492 547725636 11250307 327671425 316244057 151259589 47277481 555287253 4413433 
S 313534936 6796901 385427147 444381841 194324001 97756188 3711080 683822217 276797337 205812260 
0Y073Yx_434eio0YTg7M1_5J9 926208673 338212609 133372537 98416696 305134840 305686216 765845402 326520883 366406261 276465666 
2 340757585 842341755 895076781 438441895 149677046 7646176 115705729 537541366 640076668 8191081 
806h90i2A8AUE9130E4 155947564 13202929 3136009 106153489 465479983 24724872 353593626 168807754 637826893 4151356 
059koa7qA0u0 245521441 5872238 555093163 537715441 327142731 689309596 603336961 24955825 65128841 258424798 
0L7_0S5N_OC51gG999_cN 866419360 30938716 304704564 384208091 123556273 630543289 173330485 83747426 41957443 303507016 
60W0_h_43YLoZ5C9O35ccQ 532218491 417132343 27868025 63390581 136682281 895831561 12090385 378736009 32692456 779178381 
k 97422356 55634912 78496822 27650161 342433 773025851 281460613 584296711 401157181 8099938 
a 221205661 5065111 103642113 115182306 4369465 218980525 59592541 142905822 361352701 376451039 
91422m_f 118757530 597758992 4136915 390796085 339905736 28593457 98790751 25637106 232516549 143879126 
aE503AxnM0k10cK9045mFiq8E 38888179 643415785 229866436 919011733 266752071 307159265 84032965 247609489 809113285 236941163 
k70WcZ4s16a7486001A018 68331826 186931811 574799358 38851953 84744786 21088103 383116205 391681501 13597025 211640721 
wPK171a9 11359951 41853091 12827851 293060233 880111 123708967 29063958 354195967 342419125 489810621 
m0EP5O2d6iKg4843u18 17792203 121263949 566199013 355184595 19598926 8154091 114537073 290557336 66705337 330942362 
YSk7IgK4oa7760LNY 442930717 122969521 153885511 543138751 764781976 135382001 333671921 398274958 470390178 240630301 
O304ut0n8098Q1Jpw2awgqH248N 383802793 235030069 191535940 13862325 586372465 361405370 772790817 48730768 91302107 642309661 
3 74463233 13425751 68021461 4835689 252382143 129007329 32100055 684574741 308187385 279160441 
_ 126358475 147407327 507117401 377292839 15503947 46180132 124547545 15972453 45165523 121459238 
08a_7cG795jQZA7hO_1 397140625 80590207 19270171 385671721 226721851 70272781 52794351 8549832 329610541 494015641 
52_r 629163874 11743174 2675200 241046763 31106083 38880879 768517289 337170638 63466741 490213889 
b02e29M962827C5gW 57392551 317657218 48890601 260849491 4189937 298954793 365163145 514025001 407648101 260320001 
aPg4576708w52620Z_0y468 97848690 387060531 186105151 128587109 824899169 58190049 35900761 87243724 388498587 13393621 
5 54543489 594923347 18706517 644053033 440452416 18877391 247372577 326128049 426480202 38772001 
r029l 71208241 38514121 201103863 78043357 595588532 106569424 27421416 166291007 133652080 171801037 
5 26172551 8131073 361799437 44155749 181451291 250385851 297627861 103896730 7883221 436921933 
X3Aa07b40S14884e7UAWO4o5A 879230276 179391517 16070719 399706464 224471530 179919433 437306823 85338517 115007761 84164537 
700 508475568 558866557 369729309 433739151 29731381 347174209 236022417 344212389 12953849 53820586 
01c74Y0103Ic08un__25i562uz0 586704763 572899041 150645353 42566749 739357977 524155881 548683240 13332743 61139033 96599873 
8_0jO_751q 911083429 392931163 20280457 521791226 211125961 492139121 15582834 71318849 260737781 10168483 
B1nST1KaE51 22776886 183506107 128694385 43539861 85557057 156155637 318154411 476083818 121092724 120633087 
E1W2359N30405BATAv08oq_j9 48099492 551046916 45314308 87199393 56881657 360857637 58588692 50325364 277135277 119749439 
734 272664190 78493255 688555075 426764006 634250401 305193761 54571345 446309199 352640289 247271001 
aig2800gmD5W5a1Va30V 77521844 37148497 334358158 145179889 78257342 250116961 5209796 97099885 1481845 172151253 
y120b4_dcE5ma030 220281809 723600641 185475137 191668071 290095261 21361601 89383813 282854622 72357997 986242069 
70y2w872or308_84uKwAF 622907041 73397891 17119841 3665127 10215505 34463485 295608835 304462533 19270738 156636292 
fE180y08 426120955 165543035 182211459 539522965 688901497 230538081 238209553 313772011 514710163 562754941 
6LoQa4R 321383385 6603812 175528258 141098428 396340368 4049299 144116351 7680331 371955931 53851105 
0qA02qw4N0640Ga8sY6Lw000 308449153 180142334 177051106 25781578 7249837 867853801 216898522 46100473 805900753 253070371 
06559YJ59vT7P6ax671 159287961 2794961 22949101 20587745 397617359 199686006 45922409 167735331 259325551 281264375 
VQ7857 29515465 298359538 158495421 270025801 622513597 347312851 349760319 627541345 6243913 582703755 
_y5m4OWsi8 539418233 90247366 4633659 73819406 187353245 500323381 13516064 617062438 161571505 896223809 
5749P5skWg6Eg2 379558035 64478701 383843851 24702898 210965275 375387193 515611226 35238376 234518245 177461755 
E 121952019 99971665 248502091 248879833 21200369 506789923 505422577 42922286 619528261 60715383 
5150109OB05E4Qc50CC8Ia 119721361 130249743 606120364 227949625 79372377 277851170 98344549 58491289 40782683 655288471 
10256607UqI1_ 764027597 69177422 236098085 211992616 293608038 85661632 611845256 208445326 273128129 529799901 
441OG04 86667361 139580539 595617013 73818802 21279569 46448700 301943126 35722611 312340161 140119016 
_91 682666129 237128984 19815856 250162857 186499721 135579905 445546277 198344437 95094430 169833439 
74D40547ma802IZGl8g3 260353941 312258351 195655486 658313993 63140177 8975121 169627145 521477353 831037257 260365051 
3m30y17 257949309 821817371 99053461 239333646 402073 239109922 397767934 412371085 238925201 554296183 
361q24xvY 88259221 114158521 497064118 540272125 332751193 445047196 385641271 7454173 410813029 158682694 
0u1E09M917 40555585 118235437 387353889 52496963 252413421 69097364 282830863 478001621 449748783 390991881 
ni1M6 802596177 31839809 363214828 47367001 38288355 291440761 482710369 317383577 111305089 57268186 
AK0t 390032801 321130267 849448237 199170291 161687658 250210429 553611981 150526913 465342151 34296590 
Aa83c7s7OC58JGM5_04Nn305l 289000461 211049183 277677347 2250865 296015379 734847931 75230695 148272867 44605561 83137901 
k 35077801 171546705 418969809 100845540 137467639 40498561 18480571 125203211 833857641 465520413 
a7h04g79aK90K_cmM_cj 92102489 5078986 646891183 167529442 170692776 345873685 2505151 310650614 155270908 31871728 
8a910s9az93rj7c691 26265506 177491042 68926770 110234034 61191001 39120005 2995469 332614549 185030551 469483085 
8406iEEG_a0d430O705S6c05w 4687411 28463156 391873440 235289539 286872961 36254673 474932057 347115905 432368119 103667076 
5g_16_6uG8 43137253 1604609 149309233 55070689 52824877 89956054 389021909 479648485 69303911 338704261 
M1AS00u 203511521 546785121 37119631 58550591 255503249 113563561 33780121 163906373 111971927 11190007 
B 562891470 441426878 39558247 326068381 868929634 414539588 48421165 58747105 36688457 203289351 
874Wyk9y7_06qf13cSi 143458860 475066693 73288475 72548421 256481757 233851675 462117601 20806196 48270191 392813737 
30Yk30150yEr39Me 91232626 744636376 488747717 249407521 286834101 622146889 46452745 344921775 960569041 603307027 
A0G4w2544aw14A943967w0 68899073 123482260 44485156 332465721 634567245 179791263 196198231 742985725 20844937 510437365 
07 684118301 1764760 232504273 201313756 257638707 27010801 692648011 176674591 351882139 267722596 
Yn60yq600Zac39_O45435a2 75272275 340436439 104032188 257563538 285673951 610933183 548140126 342620188 21171021 30445411 
2900q005908Kt72W205_5g901 488823583 57136008 511101417 532630255 19127131 125508451 1760949 251064823 642445571 263637123 
EG0178002K0k6u2248at_27 50760179 205324679 29424079 878529241 26818765 28475461 413454145 218499516 394294720 689920467 
81P96J56 145073891 168410425 113577505 360903325 221790499 411195630 14855149 33106577 818255413 40489017 
9eK4mAYy05bHg 129974593 131578921 33221863 254111283 3950176 737633051 145712623 159061375 589807621 493952545 
o56uAs4 882167443 69310501 734016924 628587443 360791751 732546065 819794563 173339044 330001673 373737876 
4r2_h8_dSL69d43usXi2o721 450174466 615268489 46718911 437243201 513426313 393309291 433309921 3144271 387011137 261213217 
Q 14939035 106896756 207249634 654862601 612748945 315815171 206984851 589075747 79474344 309744865 
gq5397omaC9sOG1L800 392008849 119756377 285620220 57252053 840015773 425058661 383573692 72739553 129426405 654158409 
2a3 241262260 480786139 212665255 425969857 569849736 190905841 663686603 334357249 29889581 59762940 
93a3wCFe94 333292481 10452982 416605877 297306172 99519391 107003617 38863689 137171426 323577151 262742173 
Q90q25M 340308449 1442401 32660697 629884551 19217911 271606037 168385501 386411592 687267505 416405977 
80073mG 203183223 302211001 566523761 302719669 491313460 8350651 287627293 41083176 338005929 370691960 
A88Q5 321178333 124209919 216621309 121804810 177466237 798302233 534127826 583488151 62479200 562427446 
8 562161685 279281979 451725004 485765231 555632890 11860421 58970373 451164351 640196772 342120321 
3 62412241 218869933 92119865 60432562 260026625 22123750 263705779 54319291 259184823 100382857 
28Y99u 41602090 392090404 28669558 339176874 413160576 206596569 360943049 15623854 129762443 467980234 
1BS3eOYou 675278773 62781841 5944926 496285052 61292899 195964937 361840601 483078730 379776961 12609681 
Gy75j3e_0_ 157482964 1167937 352729905 155480341 159487273 245389086 5316961 346849 118632023 103212313 
y_4_eaG258 161415151 125654563 196028701 394335492 185761161 315189181 81016921 128786017 626772736 33691449 
8y161e3Yp16c6_a 75240369 199839914 201806593 4232656 918999487 165768182 268934296 461351457 651213341 186982576 
f_4V4Ouax_w4a0f6 659560490 63917373 169077432 606570441 25582065 153196843 87870186 137166897 748870401 296589673 
1_06170IQ481R79v06XA9Y8SE 351686188 321125850 344967877 64041193 17278213 8043465 5530657 1271037 243113401 53913883 
1u8L0J02481co40tQiMMi 313022854 29610377 568071729 190628417 271547476 5043901 200303431 119673669 140739889 4327750 
Eq68VaS890495x_Wq2AYUw_7e 92621516 294929911 150896596 601302557 584355553 431328523 425666833 425629 12113893 672383401 
75S062AW_20_IZ_06 34399366 221406769 24656201 7191181 612238343 188783186 591784561 7915081 443974774 220996413 
90W4O7333IqOgy42G7480 377018716 807401591 305071246 585090969 211694689 22353241 390513271 7322626 57231890 17343873 
4055aA89_6S9aKn_Ao_08 392481748 142917883 8276641 543910557 281453101 42111076 838982935 479281221 202856809 510560146 
kmBo3 12470511 8971841 206752337 19250977 842332414 479534161 458002801 304833607 345006455 3958075 
65aOKw05UY0A9YxQYaa631o62a 104559073 14252179 688697401 182481723 77170939 94030813 14924053 229047400 20512563 10857493 
Ek0Y 102708703 20870461 188785812 441835017 22012215 462068042 399126625 108580179 497750371 205488361 
c2Gu81f 116162873 171693505 136047021 52933431 57832817 83450257 8114833 933523138 115115989 45415361 
0s0Ys544322M84207C21m8 727708769 55291501 157278826 251986945 96446867 273238218 285052706 343037969 134282043 231581197 
_5 92240243 573675521 91388431 163604128 409123327 799669531 142811101 371674819 1205627 27794565 
28E1I4XSSYs9WM02Mvk064 242540188 816623887 446194792 362649357 290404121 475285213 69399163 346080673 946216753 24690029 
1cba396kK1a1eCY30_8 506474641 51414524 349192337 230893963 274228966 93675519 321471933 13131191 67926853 39185497 
bB0cE8 468559105 379035269 44586970 1028743 53318721 267368677 222283510 39753487 721134253 602684149 
4GX3604 122151881 302946961 495611157 252836510 336994085 217990497 573091660 256411309 310094515 546181769 
6Uoe0C0h9W6d35TMCw6y 84944004 494328346 273654101 342049313 49714578 400941301 308177860 1215833 167493959 263016232 
071c8EWS92JIO6y 370772749 278799825 13471231 7998383 225553353 536542155 241252543 19576929 11165676 165120567 
_66aF4TP1s 40186369 665815697 134163633 464933515 27344725 266050564 288542570 302166298 216792721 217973253 
gC5n19W8i57092A7_E 20212285 190138609 125291701 337382891 30553617 480328348 29320060 324420801 267095929 403924029 
0Si0504Y7Dwd904w928i_6 153682945 31823321 652468049 152789804 450933391 23436920 158686928 30844465 324249256 225281785 
7i3t63005g7_M3emU5W 10439116 75631096 658795831 251339713 5011831 547049329 140312854 137354033 146282801 22543581 
r359Qgi439P872z20e8 141934047 691641651 161014705 283332493 113272565 574684246 269575139 423491137 383234689 1758461 
0s0M8QKI8w7uai1O 524212963 196361686 4625506 109115749 198150226 178516939 301167396 366081977 78024283 15564871 
ON4e59836_U080M58924CN 284931613 286185192 91727869 270877345 166302697 34210219 191968831 397043769 4851385 223803201 
1iY9y4que4 6936193 250350961 34114249 206702077 158229813 16338633 50009513 540580301 16917151 611980435 
j96kAMa613Sey 217875041 831892611 198958267 66659806 115764849 459918317 2690401 52532481 100120576 6457771 
wi0qV047Byc46i8 11204703 202438066 680877241 685822281 413411113 468689319 645486137 700417406 578359796 813118066 
930XHGU200 5636286 29655649 415756819 246382575 689799241 401639576 150744169 40037131 302012577 258434065 
22YK_CW 449465773 87359185 289625793 570369365 1770229 20009001 287722409 143956779 72035701 302385854 
f7Ch68Aw1_Q4O850b9ge751 262117378 81481618 106337317 663939676 129388871 90604450 390336631 517247371 390639649 475020755 
8 66695338 681863201 639881056 35481360 214354473 498562503 29311738 112624865 37649737 102345013 
m395Au66eE9nAn660qy 148316857 113521483 145918728 938389369 500565341 848711489 679959007 707478299 991063789 271491325 
ZAE0211M02pN2 312365377 485601 785512207 163019791 15556069 656906221 70837847 20782927 228015496 156000769 
MA7_yZi0E4 13433851 405817201 98377476 206789112 118848874 163835965 450245605 4722193 70991285 746852761 
1680ka_E00EO8g0 134274061 480923685 38739958 335831 36910748 6250544 35521245 459098351 486339499 160827041 
5 90126946 462129517 91451296 43488871 808104025 525089305 707775241 147725349 357230431 70889365 
0AKaWS02W3 739726753 473989517 37640465 6247705 408035137 374708351 38148553 611119492 267047433 679991761 
0_7578UER077Kqa6A17 120751489 34919368 740501029 60396896 35548855 497302251 269394049 209606751 90183406 139165652 
5H42GneAz2 558694095 9499043 525412499 743252207 522509681 193068136 438920973 87181885 648596921 37191676 
o21Ua_hOC077 618495585 19795648 394697057 153786601 631034251 776304479 17839273 448844123 113278310 97745266 
8175H_7OF4u9 341003496 514863964 312670751 555504873 991124158 675406734 7667479 24820543 8488379 463321297 
5IA15W13904c240J6_9 120824404 11092642 446263841 233502061 121087457 139167961 228904945 320892332 63157057 46825391 
_ 463024986 35931661 46990846 247233857 37231651 15196417 52041384 281350336 723265975 103087931 
I8289_Aac69Q35_C557aW02mI5 542472256 579971332 512779526 130730841 774579 323850976 630119678 81818101 39238669 183409905 
0LK24Ez_1_Ai7 525599401 296200609 151723349 230681771 155313 124691601 161273751 23596392 68260921 213250051 
Mj0805M60g2ID0is51A 876926161 87601526 269764069 212677661 411903899 28763461 114392467 22127253 275642401 119389777 
10S89807V28OaqNN3I1xe640i5 615298421 218707598 221248252 289882177 100273285 207399763 310942451 921905933 70588189 101665891 
yE71 29565568 115889089 29875651 139631415 345055937 970201 108430975 20983969 438542069 183041201 
2K0b03a07WOs5378oW1 37652021 33208441 62058008 670675469 53253201 4971649 505634461 6867847 202040073 23119216 
UUS16Q_80 180437549 262347866 531277293 12706123 160391617 728567796 35159833 711236331 53612343 30312276 
YQ04b_Ww541Au 479341666 990661 133562059 78971741 442705649 158144959 637284035 54052661 472395729 26411491 
54s1NM4U87c 190512070 78867795 154241533 332587999 10002981 51044806 344718502 62463421 300084103 186733 
5000SeO043 465732161 77889007 438832345 109005281 58138351 122201041 178153774 472244367 124562104 307087845 
o4c226cBr35Ok971 598706177 9340513 92011481 30955627 263164321 19905315 28419535 404061997 87522988 160569865 
_1N0M0w08kw7_k2Ja_po8l21a5 171995519 189147773 29223813 150799965 558627565 202989997 88863829 364042453 22781305 233437789 
KCaS 75276397 396445401 136149661 8351701 53446777 365025277 500921041 773207722 450785764 353759011 
302is9k 12879319 265607641 25762001 310758684 92343225 61889320 119707477 47441681 426764233 52585871 
obo 464707340 349148641 69681877 532759809 83071311 182737021 489932120 3781513 215749864 87101267 
3 360675026 94945885 57016961 531675471 111894442 79694605 53288221 388396321 241372329 490813701 
6 330622801 39013291 4673213 330236677 216240001 219570308 722713591 125763441 333152997 104424476 
0077a11l_e 55072330 396191801 609981177 546595747 11896396 146252289 538211531 309124604 216701 279197626 
Q1_4Sym175WAcsNL8o 19754281 19825357 462496591 449773837 337525942 344696639 10301519 503499166 112280927 251346997 
c2zYG023_9ax0020_rq89A 39784557 584508289 117002291 160661911 71360851 274728221 466548825 294921615 251465609 253580464 
605505E64jDG0P49Rt62 23979978 154361179 268001145 65189269 155220417 90932453 478248681 637898801 196635941 458003129 
4GI86CbM60_4032G 570556663 136249093 278830465 164253790 145119855 331214453 695001441 744262621 72710242 10040491 
tys3660692 222015501 107444539 556362720 336292489 44480979 32797881 37225761 1530241 113069487 74187131 
3Q0h390Cdq3ca72E4p1e0W 91927774 393414335 868238057 310992221 284556469 416302945 39550721 800125027 144873297 304288860 
mq0q5_08 325069921 3225025 347027801 168678487 373096037 102778369 51061550 1553977 723226477 4287291 
27408017yF0_SI4X17_16_05C 153155336 98396861 258687720 78107373 198908795 154089013 72447985 21494551 69506898 156091341 
8902sM2IeF376C1w99I44W8T4 23105650 290675425 17828802 683214459 627354140 22854466 546551599 765007257 819623883 29361225 
2w2615y75S176 71265456 179572375 84705013 399805282 296333497 40672776 71405781 570937956 119994253 216945041 
0OQG7oepx3Kx2C7N 258578516 229733085 269234884 178002253 94811831 275767086 590534743 509537683 162643846 340681441 
Q01C 226600141 156245105 207687673 117829076 837405909 244956658 403177321 244966321 523810717 20156902 
38400iut4t8M160CjX8q017 385442751 276323059 550242817 610482514 29037973 520675065 49130011 27255645 370409369 60525996 
40063q1G_5Z_4_718Q62yWanI1 673632186 353751811 544997927 514868913 507802741 139515535 61517361 109703521 107693488 184041793 
DmA 81393236 120410065 35619577 585646567 378701902 391436005 2579599 157981537 585982872 201325098 
Vic78oS9O09X623g8a1T32W 335397661 304003582 46137601 320358531 302922112 498664252 4533244 306397421 415843949 175521776 
YO5843GA14990K992E9sw_6W2 789907231 197398722 401635158 330954625 786506150 188636673 37849633 659541268 79227157 189269877 
6_75VD9_3H 1929613 678901555 168499801 66499201 348488083 10758046 672950779 164163781 488356408 314165701 
U845c9Z 703702637 146962065 12833083 277789861 126559765 822734551 31475971 69251625 19644329 79472641 
M 629354489 615710437 313423966 240270801 249556761 304041821 465212566 156485601 185988097 107662373 
E3oca1WOZ5S84s00W8a 22209533 783864168 193063153 337163525 259983640 737262013 413240863 333388891 104673981 246184345 
Pi606_cgBV6z6A 572682571 197180121 180153607 53379249 401875669 5662021 469710739 834063616 142829149 57880409 
08U72 402247737 22412971 339748981 258675329 467629086 233806561 395284396 593663665 410830335 285272128 
5290b0C4 2044736 439676161 398255425 104913477 34131659 271101209 796011765 136962073 91849185 26288627 
jn516tEu1OAn1_359 51932 61292 15100 43478 16545 17674 37121 28655 37955 61489 
134H7A0 4231 44547 1693 37385 28401 10572 8557 43067 47095 42714 
Y_B56zK4CAA7U3h590a7Yu9 21937 2153 10266 19530 44500 15031 18335 59216 53279 7247 
SA7060UV110078s9 48779 33750 46511 40319 24286 32329 53066 57818 15011 42035 
1965i89Mmha5xk4aW04eC4MGyt 31824 29767 63220 50615 16938 7571 63602 27346 2430 12214 
9Cc10SX9SW0100s4 25330 42816 55675 12315 12150 54990 23608 10307 49203 33773 
1W7597440Xbm7 32004 13948 44737 25996 43970 21950 38384 24099 59577 32597 
049qE05Azz0595QAhAO37_l 13953 48741 24122 23851 50238 46698 54880 44072 4597 22063 
e6q15_A600M2120_2a 46386 57511 24729 31801 32948 19977 32365 16596 5561 31811 
GY70O4C12A7w03K_ 22617 14212 3515 31376 65099 2846 57979 36822 29484 30082 
2811548S_3NO007T0CIT_e900 21915 65050 38813 1989 32007 64116 27200 43738 14498 6124 
AOwr02pOI87k_Uy88_0e14 49446 5514 31060 23085 12897 36127 1577 19472 34785 34312 
9W55eCNQ_5 48275 13880 36846 59092 31274 23329 56136 64870 48655 28349 
0a9q393881G8i7H0a6QAGy_y083 48887 57308 57301 42320 44836 32443 50303 61255 54235 18374 
_77m_gYn389wH 43140 13227 49879 19225 9793 55075 64886 23105 53839 8211 
_70nS41 8860 24589 51927 38992 35056 34970 25715 59266 41284 52126 
n8U_3A3NcZ4mW318090 16107 44733 59769 26825 45110 41287 58984 46119 21122 47116 
324VaKs 61092 37754 26025 37930 48696 7167 8761 59226 62791 61883 
uE9a_400DUDGw2mb0KGS_3306 25787 47220 47992 40804 42469 7918 13970 13393 37771 56962 
3Jw73o07312UO102Gm112 37921 7419 58204 65205 24851 39974 57589 31561 18068 18262 
tv9pSW80206m0 13757 4040 59642 65323 44895 64275 15472 45888 41377 44120 
9R7qjrG8362w48iY13 45951 31257 32803 12935 34516 50214 7204 29143 62552 52267 
3 22689 12348 27437 55717 28893 51416 13230 41455 64982 6552 
I4A69UV78w09I 43600 6557 4533 31916 48066 17908 29842 13791 38316 32281 
ac91 5131 23006 27639 3231 29697 41075 32102 19801 29840 34659 
0 58343 38065 32418 46931 36211 49722 28145 58289 19569 30189 
08T01wn_U166wEsOq352ema0qa 21972 38849 30987 9700 25435 2498 32901 21992 60626 40918 
ap_4ATi0F6 59717 44824 7750 1030 29565 6721 40858 40545 7771 7721 
u6mA8Se4_i4 5201 1510 54256 41983 32758 6987 24058 61921 32593 63732 
526K7sI9U0576Cc72aG920 31652 43050 46049 16444 62560 26691 55184 15216 28755 46105 
nss0mW2YS0 27225 52805 60703 873 33325 58373 27201 30340 38849 48479 
uawG0dgcS18ja037u3 26464 57586 13689 22080 35449 60018 33494 43750 54732 6434 
900J8_0_ko 54965 47481 60221 58889 11864 8919 53080 5683 61561 13311 
3285i8a0U_ 40387 60151 24683 50383 17550 120 34575 7868 31386 9348 
a48_s7_L783K9WKka70160649 11446 14110 28623 21714 8707 51148 4061 8574 9692 10534 
2 39468 57053 61814 45974 2278 667 55654 46813 60021 40611 
6mYU74771k 47473 7322 30407 22739 11437 64472 36492 2755 38021 28853 
3b_D38lNx70xdn00s08G5gi23I7 51569 56283 10820 32159 1222 25257 12092 34172 48354 50241 
01a6J1n5qS_5Ui0uq066C5E436 32890 1717 15664 27800 16020 64154 23320 4547 25409 54280 
W7EMn1aNRs 17487 5547 21538 6561 39884 49989 1757 63176 22120 15426 
a7007_8q7Z8x753iYvAW40a 39217 43276 9853 37598 39260 39563 31541 54451 52021 13385 
0 51419 47992 234 60144 46563 31716 29173 4530 29743 50606 
6 50347 63017 39098 4186 54241 26490 53882 46463 61692 23405 
kS2c50g2y0U5qEt269Ju5E 35393 47777 45375 29338 16803 31276 37107 12491 37855 41480 
0Gk_0v30u7Ema71313B 50404 9109 64557 34182 25249 47306 35444 37240 36793 65306 
U07Jy_0J1h8t 43576 4637 64148 49175 48769 31007 2855 11277 22491 54377 
00_w1y9_96ej_0uKTUS64I 42669 3154 20164 29519 39518 55290 35370 53347 34555 63830 
970i7BPaY0Nwk9eo6oAgKI46_E 3234 57499 17735 26415 21125 62702 44353 48618 34992 42071 
l0skABY5_1Wz8Q322493qc 62274 34856 44552 16830 11346 28596 54760 17312 34389 64036 
3587_30Mqc29a5e4A64 12373 54384 22758 54470 10727 12831 28072 26913 41205 24414 
3a7Ydk001IQc2298 15301 30726 41105 45095 41000 46252 6177 7195 35221 47084 
l0gk396NAZ8672yE 65279 21723 34930 25576 41609 48410 31094 52832 51696 32114 
8Ay1405ST74WlK03_900C0985i 62321 11284 18282 13559 41622 26472 28049 43349 2830 46831 
9Q00n7w84m 3071 54024 50339 35026 22103 6975 51468 46159 1925 46544 
4A 36342 54438 54046 40972 48902 56589 50769 22073 59480 13140 
a 5080 31590 57899 10720 24689 996 51716 12637 31677 38577 
_ 30943 46992 10515 22026 40362 46876 42764 13727 49331 29724 
P1k8 49648 8153 12043 19515 62727 61131 13384 22181 7533 44991 
w290c40w15 17220 32602 469 60264 3831 22851 32903 37974 1629 35177 
1aC9s_9510K 26022 19236 12405 62576 64341 63097 46111 21523 57156 18927 
6aUP370T06EuA6U6OGmo689S54 13471 25459 47432 50819 181 42108 24845 60451 14755 4598 
1A4g8Yd53Ou14Y94XQ 28202 20929 46336 40100 9998 40338 63271 14882 35844 52848 
a449JKi6Kye4K4sa9OAQ3haE2 52475 38311 40188 28379 13358 62754 30143 29718 5951 40183 
0q__80m 26656 34998 8215 30827 26499 60324 20124 21520 5726 37485 
qYsK 38700 38393 18218 14576 63218 26480 27719 47112 46566 60835 
598Iw90671 49690 6810 4017 63511 35570 17437 17977 56652 63031 17261 
6zaPr9e4yk8_82Ok168a_44eW 16812 19478 27301 55104 5476 13485 45562 12051 51302 63058 
7t0077_k4C05B3M86903 17180 14815 26849 59894 23231 19428 28568 3755 58523 26732 
YGJ0007c0S3045C9524663446 12040 10636 3340 34641 38961 9257 28124 5918 18139 39539 
Q7q_A4At 47181 11636 15006 61453 24526 21972 55437 37890 43384 44080 
5 50583 25904 3327 12949 56176 31446 51759 22250 62476 15031 
1C12n5_3zq505Cv960_6A8 21436 46219 15880 33539 5301 5284 12364 24717 1343 56293 
a8s_M3arnqfi17U0a6f_ 44417 60728 12842 52493 54576 3028 60166 12714 56344 65327 
mOW164RG5a 3986 47887 24346 6253 7902 16052 40087 31558 56303 43684 
6_s538uq_8 10061 36434 16735 29769 8989 59801 45485 43467 30149 23138 
3_S6J80we4r04Sk06KO9 4280 56092 21333 1735 40503 45862 27662 36626 37321 48851 
193 15860 20971 5821 38568 4531 21930 52369 11552 39804 12825 
27pwZG99skD1I362t_7z9ua710 44446 56963 52701 40922 36565 52773 35343 41860 13655 42813 
9 60444 30233 5295 20940 48651 45159 26968 63539 19705 41393 
0_ZV64WEa4VuQU0gK1j_A8X6r0 26812 14769 33000 45598 47203 51903 25859 59449 57551 48801 
7oyzr34C8cW2x6V0 48289 48627 12001 23359 41691 28114 31401 49559 61680 23733 
300A26410087_U0rmYe019w 42444 16262 29177 22621 10260 28039 11826 9910 9315 24866 
x0kNq796oK 64787 12364 46266 63223 14327 20103 64478 50631 57970 30921 
1 50156 57195 38427 20838 46039 2432 60422 7617 59348 27683 
97K 46261 26553 7310 28041 45710 60360 39058 64880 38149 5971 
335Aeh5U52s10ccE3j 43607 16233 42166 28152 1536 46065 64388 12828 52393 35778 
2D1sN_96q3 64378 6421 53917 47626 419 52742 47146 32336 48055 16954 
q4de6Co9_C 50002 53373 55471 16465 774 2861 48525 39627 42006 64931 
_8V900a 38753 2102 8067 51396 52421 56440 64163 6703 52456 22622 
9nI5D60mA7vm908_ 34384 57966 58126 7134 37383 40802 39358 8846 12623 5703 
72o4519_qvm1561w70Y 5099 53936 31305 53278 65093 59760 32887 15521 9798 32009 
5293Q063A7_yQ77kr3vo5I55b5 22641 11607 15710 43697 12987 25806 61485 48258 37457 10466 
317009o8Un0ms622y96504qCK 4063 26912 22981 12535 4523 32580 62328 51783 40242 14263 
AoAA_0Am6wq6Y32VEv5m10Q 16632 25393 1838 21452 55111 6285 27548 39966 7408 51092 
u 12430 44151 18143 39689 17432 27467 8251 29777 27931 44963 
I8k29 47588 15390 15796 1242 2007 4185 50715 54384 64749 13067 
oy7S85IUE9_9e0_k0Ij08qe11u 24449 25572 60005 32858 16480 30548 15200 45491 23286 28555 
4 20133 3951 62941 5007 8575 54469 13578 48099 54053 5963 
29_soB2A1587s_ng 54669 61026 16233 12712 26342 8147 17402 16028 14994 31955 
4Cysu_Ej7960 20373 18296 34797 37226 56718 7430 59723 47828 17075 48887 
C05m665a3Km7k42709 45513 8501 4334 45852 49346 25800 22255 62196 5518 47009 
k 20666 8771 7239 19408 3101 6632 50342 48779 48067 12182 
f7Q96220Ou_w89000A 57251 12899 25468 9504 49553 13007 39868 40071 10212 5379 
D370_8p4A3Sov1Ak305s0ATo 63583 55728 26667 45616 65326 33859 24264 20345 31001 4168 
wo07JUv496_80N_bU60A1 47545 9373 4201 5638 19469 39701 29207 11141 14336 1317 
P 2626 15347 17579 5851 35559 52452 11244 54332 50458 23220 
60Y4K_CD73A7m 44642 23794 47726 40426 17715 40842 3761 17746 16461 50137 
9WMrN00K606 51773 38746 18133 33988 33711 12862 11138 22302 54827 43688 
8 49920 9216 31235 31971 56505 15241 12491 37701 57267 4496 
E4i52Za442459sEFe633g0W 44182 39329 18779 56641 740 5725 39622 56262 19210 10283 
sQ3812372m0a50K486yw9M1d8 18258 65159 61305 12002 54523 26797 26383 38482 41297 46416 
_X9864D39N9co49Is6G 16581 35194 35229 54568 10767 29400 8939 36928 21908 22255 
iRmw 62792 11746 3146 59469 44652 41268 3792 27061 62407 34189 
477tak 55521 22737 42904 50697 33619 3646 9765 34328 23067 41672 
34 34910 11709 44206 13870 35401 29201 34663 17848 58415 47789 
823C 21835 62056 39359 38030 28445 40995 50992 22342 58151 5820 
00O0005n 54950 63284 64552 15598 48057 39115 2498 49090 12263 38974 
3762kJQ39laJu 2824 3541 57289 4684 43240 21816 46784 47546 12966 50177 
82R_Q024045C33824E8 58276 61551 37149 13149 32237 15155 34530 31839 24747 31743 
2 37693 17810 32243 34282 33945 13358 113 6805 10730 42287 
U 30041 54080 42238 16862 33866 12155 41551 11584 18229 6927 
q43_7401W8U03840t6q 32681 53974 57749 47648 63412 50615 46903 26304 50237 40526 
34NA18a94U_33G_86N3is03y5_0 55635 33821 22695 2526 53870 46931 38538 29989 18498 54142 
E32A267_c80242L31 28320 6501 990 32134 39781 21316 48143 48896 52570 35884 
803o200g2k 18355 22482 53358 54017 53805 57349 2164 16522 30283 25618 
_9 24634 35557 3167 9880 10665 24377 47204 4406 50682 2018 
I 36161 44027 61386 60665 61699 433 37220 32539 12798 61328 
uNUWA5q_2g 39895 7948 48679 48525 33757 41884 49680 18863 43300 40778 
mgicU0Q381304 10770 5194 41909 24008 49747 63930 19607 38751 22447 35405 
195Jr0m35664_n6U0l 11626 32689 1933 53009 18407 46285 53346 62624 42826 12925 
871B7e00CK 14242 33979 51159 1853 41895 36957 58102 48652 24972 28510 
Ua1ta6oaAB9e5v_k6wAmG 63556 27316 15395 16243 42424 31836 22637 30177 54017 20800 
8qaA0s 21304 49313 64649 9546 28106 5949 30109 53724 14304 60410 
0 49382 7304 26705 11643 29753 16573 58544 41647 22034 632 
85o562gH7ma5uon54301F_6 33803 11825 46693 42867 54085 1931 48011 56861 40201 39715 
af93KuP0dQO08i_uY6u8 26923 29091 33020 6483 43080 13832 26146 21255 60385 41521 
a47f 30178 3375 29558 5310 31772 1406 21920 15843 40675 37838 
X15KWdN6q2CEU 34609 23388 61387 2949 33075 56752 43285 5378 57662 23462 
K4IO53G_100mP22kjg9NL_88JQ3 10418 23345 30716 55695 679 56613 19035 11081 4080 58266 
9s3c8c02U9Se5na4O 37143 10190 6740 36013 7805 48926 24241 34700 21616 3183 
y5k7OM8QG3Ao9Iq 50245 59858 48943 14334 37399 26143 17889 48849 48765 10176 
MV583_ 45937 18902 12167 63040 27298 32990 7930 23644 10029 4866 
gs 26059 64052 52895 24827 6969 56909 59004 45840 56995 64039 
3 56007 42861 27858 57326 55080 62364 8814 32499 3643 21591 
46y44_ 16760 41925 52243 36337 34029 54038 38780 12321 58918 2854 
4AY9620k92su8 26111 38509 44988 57193 21748 37258 17500 44037 7476 61646 
00O 29250 21018 63002 24427 19697 61572 58850 26748 33098 1524 
o_Kj052Qoy97 2507 25036 16984 16254 31674 48094 10382 17494 2851 22827 
64t 51760 16086 41437 63852 46704 64219 61324 39820 14532 39441 
3m02SY0n3Vwakk53 36196 34848 30208 29760 34628 57415 27104 53832 30905 45660 
